   6.7126025e+01
   3.6404177e+01
   3.5855329e+01
   4.4934985e+01
   4.1700682e+01
   3.2755034e+01
   4.4535788e+01
   3.8459195e+01
   3.7257257e+01
   3.1985014e+01
   4.3184165e+01
   4.4811992e+01
   4.2469396e+01
   4.6483083e+01
   5.5733752e+01
   6.2145409e+01
   6.4950458e+01
   6.1368898e+01
   6.5002699e+01
   1.5804080e+01
   1.9017945e+01
   1.8130503e+01
   1.4637015e+01
   2.9265615e+01
   1.8298566e+01
   2.0176559e+01
   1.9467055e+01
   2.4658177e+01
   2.2622931e+01
   2.2534258e+01
   2.6342270e+01
   2.6724422e+01
   2.1155727e+01
   2.9495995e+01
   2.7116924e+01
   2.2762920e+01
   3.5162451e+01
   1.9619616e+01
   6.1027668e+01
   6.7382628e+01
   5.3788666e+01
   6.7007095e+00
   2.6501662e+01
   1.7036292e+01
   2.2836093e+01
   4.1611696e+01
   4.7437842e+01
   4.1473411e+01
   2.9597624e+01
   2.4097477e+01
   5.4960548e+01
   3.6970853e+01
   1.5210346e+01
   5.8862569e+01
   1.9882355e+01
   1.9373470e+01
   3.3444734e+01
   2.3961802e+01
   2.8661712e+01
   1.4718112e+01
   1.9189634e+01
   2.8739391e+01
   2.9832906e+01
   2.4556307e+01
   1.9890978e+01
   3.6300628e+01
   3.3879010e+01
   4.9605381e+01
   2.2223072e+01
   2.8408274e+01
   3.1412049e+00
   3.6758888e+01
   4.1538643e+01
   3.9571761e+01
   7.2634323e+00
   6.2774795e+01
   3.7236275e+01
   6.5127469e+00
   3.0910155e+01
   3.9357708e+01
   9.3016197e+00
   8.0220527e+00
   7.9548950e+01
   3.2944702e+01
   4.6961034e+01
   2.4565274e+01
   3.8534444e+01
   2.6833554e+01
   1.3786085e+01
   1.9042754e+01
   2.2281851e+01
   3.2282955e+01
   3.4291649e+01
   3.7165340e+01
   4.6461228e+01
   2.5004148e+01
   4.6923795e+01
   4.8381460e+01
   3.2339218e+01
   3.3313629e+01
   3.0838536e+01
   4.0990285e+01
   4.3624126e+01
